epoch 1	Dice coeff 0.0000, 0.0000, 0.1132, 0.0000, 0.0000, 0.0000, 0.0000 
epoch 2	Dice coeff 0.0161, 0.0000, 0.4830, 0.0000, 0.0194, 0.0542, 0.0121 
epoch 3	Dice coeff 0.5440, 0.2786, 0.7427, 0.0839, 0.2126, 0.4874, 0.4520 
epoch 4	Dice coeff 0.3908, 0.1534, 0.5565, 0.2128, 0.2156, 0.2083, 0.2378 
epoch 5	Dice coeff 0.3505, 0.2258, 0.6164, 0.0512, 0.1959, 0.3600, 0.3402 
epoch 6	Dice coeff 0.6256, 0.2385, 0.7155, 0.3887, 0.2192, 0.5205, 0.4934 
epoch 7	Dice coeff 0.0000, 0.0000, 0.3908, 0.2269, 0.2781, 0.2856, 0.1783 
epoch 8	Dice coeff 0.5723, 0.3967, 0.6577, 0.4494, 0.4261, 0.6302, 0.6577 
epoch 9	Dice coeff 0.0000, 0.1297, 0.6825, 0.4174, 0.3430, 0.4724, 0.5185 
epoch 10	Dice coeff 0.0000, 0.0011, 0.3464, 0.0402, 0.0603, 0.0000, 0.0000 
epoch 11	Dice coeff 0.6661, 0.3807, 0.8237, 0.5030, 0.4633, 0.5586, 0.5551 
epoch 12	Dice coeff 0.7200, 0.4607, 0.8321, 0.5883, 0.5695, 0.6881, 0.7424 
epoch 13	Dice coeff 0.1560, 0.3095, 0.7199, 0.3143, 0.2972, 0.5103, 0.5753 
epoch 14	Dice coeff 0.7467, 0.5057, 0.8876, 0.6434, 0.6607, 0.7491, 0.7439 
epoch 15	Dice coeff 0.7720, 0.4954, 0.8878, 0.6165, 0.6442, 0.7463, 0.7782 
epoch 16	Dice coeff 0.7578, 0.5203, 0.8890, 0.5905, 0.5875, 0.7278, 0.7708 
epoch 17	Dice coeff 0.4040, 0.1915, 0.7650, 0.5344, 0.5948, 0.7049, 0.7206 
epoch 18	Dice coeff 0.8090, 0.5486, 0.8997, 0.6799, 0.6919, 0.7446, 0.7949 
epoch 19	Dice coeff 0.7522, 0.5165, 0.9062, 0.6820, 0.7016, 0.7684, 0.7769 
epoch 20	Dice coeff 0.7851, 0.4706, 0.8905, 0.6512, 0.6759, 0.7479, 0.7348 
epoch 21	Dice coeff 0.8035, 0.5598, 0.8987, 0.6894, 0.7008, 0.8012, 0.8201 
epoch 22	Dice coeff 0.7969, 0.5158, 0.8942, 0.6442, 0.7004, 0.8039, 0.7976 
epoch 23	Dice coeff 0.6666, 0.4285, 0.6790, 0.6338, 0.6857, 0.7084, 0.7944 
epoch 24	Dice coeff 0.7838, 0.5594, 0.9058, 0.6578, 0.6794, 0.7977, 0.8100 
epoch 25	Dice coeff 0.7970, 0.5520, 0.9132, 0.6912, 0.7027, 0.8097, 0.8164 
epoch 26	Dice coeff 0.7539, 0.5550, 0.8907, 0.6864, 0.7010, 0.7399, 0.7997 
epoch 27	Dice coeff 0.8269, 0.5449, 0.9059, 0.6846, 0.7065, 0.8178, 0.8404 
epoch 28	Dice coeff 0.8043, 0.5662, 0.9010, 0.6954, 0.7340, 0.6918, 0.6698 
epoch 29	Dice coeff 0.8082, 0.5623, 0.9036, 0.6835, 0.6974, 0.7976, 0.8232 
epoch 30	Dice coeff 0.8244, 0.5374, 0.9062, 0.7066, 0.7405, 0.8242, 0.8236 
epoch 31	Dice coeff 0.8376, 0.5747, 0.8198, 0.7052, 0.7380, 0.8216, 0.8293 
epoch 32	Dice coeff 0.7997, 0.5526, 0.8909, 0.6668, 0.6809, 0.7126, 0.7268 
epoch 33	Dice coeff 0.8374, 0.5729, 0.9089, 0.7085, 0.7378, 0.8259, 0.8355 
epoch 34	Dice coeff 0.6077, 0.5282, 0.9151, 0.7111, 0.7372, 0.7982, 0.8224 
epoch 35	Dice coeff 0.7155, 0.5416, 0.8657, 0.6957, 0.6929, 0.6502, 0.7071 
epoch 36	Dice coeff 0.0481, 0.2612, 0.8634, 0.6758, 0.7161, 0.6691, 0.7317 
epoch 37	Dice coeff 0.8059, 0.5418, 0.8975, 0.7023, 0.7320, 0.7889, 0.7819 
epoch 38	Dice coeff 0.8397, 0.5743, 0.9161, 0.6914, 0.7294, 0.8041, 0.8218 
epoch 39	Dice coeff 0.8240, 0.5490, 0.9135, 0.7034, 0.7386, 0.7967, 0.8405 
epoch 40	Dice coeff 0.8214, 0.5029, 0.8770, 0.6945, 0.7209, 0.7079, 0.7508 
epoch 41	Dice coeff 0.8272, 0.5509, 0.8980, 0.7063, 0.7369, 0.7382, 0.7988 
epoch 42	Dice coeff 0.8209, 0.5709, 0.9189, 0.6950, 0.7414, 0.8063, 0.8432 
