epoch 1	Dice coeff 0.0000, 0.0000, 0.0000, 0.0000, 0.0000, 0.0000, 0.0000 
epoch 2	Dice coeff 0.0000, 0.0000, 0.0000, 0.0000, 0.0000, 0.0000, 0.0000 
epoch 3	Dice coeff 0.0000, 0.0000, 0.0000, 0.0000, 0.0000, 0.0000, 0.0000 
epoch 4	Dice coeff 0.0000, 0.0000, 0.0000, 0.0000, 0.0000, 0.0000, 0.0000 
epoch 5	Dice coeff 0.0000, 0.0000, 0.0000, 0.0000, 0.0000, 0.0000, 0.0000 
epoch 6	Dice coeff 0.0000, 0.0000, 0.0000, 0.0000, 0.0000, 0.0000, 0.0000 
epoch 7	Dice coeff 0.0000, 0.0000, 0.0000, 0.0000, 0.0000, 0.0000, 0.0000 
epoch 8	Dice coeff 0.0000, 0.0000, 0.0000, 0.0000, 0.0000, 0.0000, 0.0000 
epoch 9	Dice coeff 0.0000, 0.0000, 0.0000, 0.0000, 0.0000, 0.0000, 0.0000 
epoch 10	Dice coeff 0.0000, 0.0000, 0.0000, 0.0000, 0.0000, 0.0000, 0.0000 
epoch 1	Dice coeff 0.0000, 0.0000, 0.0000, 0.0000, 0.0000, 0.0000, 0.0000 
epoch 2	Dice coeff 0.0000, 0.0000, 0.0105, 0.0000, 0.0000, 0.0000, 0.0000 
epoch 3	Dice coeff 0.0000, 0.0000, 0.6116, 0.0000, 0.0000, 0.0192, 0.0865 
epoch 4	Dice coeff 0.0990, 0.0348, 0.6774, 0.0403, 0.0232, 0.2545, 0.5662 
epoch 5	Dice coeff 0.0896, 0.0363, 0.2839, 0.0130, 0.0876, 0.0936, 0.0938 
epoch 6	Dice coeff 0.6753, 0.3209, 0.6073, 0.3213, 0.3050, 0.5818, 0.6259 
epoch 7	Dice coeff 0.4224, 0.1899, 0.6197, 0.1083, 0.0757, 0.1772, 0.1995 
epoch 8	Dice coeff 0.7141, 0.3552, 0.6615, 0.3634, 0.3413, 0.6186, 0.6980 
epoch 9	Dice coeff 0.7011, 0.3694, 0.7957, 0.4025, 0.4065, 0.6224, 0.6616 
epoch 10	Dice coeff 0.0000, 0.0179, 0.7677, 0.3618, 0.2932, 0.2044, 0.3705 
epoch 11	Dice coeff 0.0000, 0.0000, 0.4155, 0.0000, 0.0000, 0.0010, 0.0000 
epoch 12	Dice coeff 0.6759, 0.4750, 0.8265, 0.5068, 0.4776, 0.7020, 0.7335 
epoch 13	Dice coeff 0.4361, 0.3869, 0.8586, 0.5142, 0.4594, 0.4813, 0.4613 
epoch 14	Dice coeff 0.3119, 0.3286, 0.6963, 0.4036, 0.4893, 0.6135, 0.6191 
epoch 15	Dice coeff 0.6496, 0.5126, 0.8534, 0.6011, 0.5944, 0.6931, 0.7200 
epoch 16	Dice coeff 0.0000, 0.0000, 0.7555, 0.2592, 0.2991, 0.0337, 0.2219 
epoch 17	Dice coeff 0.5991, 0.4244, 0.8616, 0.5493, 0.5971, 0.7103, 0.6853 
epoch 18	Dice coeff 0.0000, 0.0000, 0.6036, 0.0003, 0.0000, 0.0411, 0.0002 
epoch 19	Dice coeff 0.5548, 0.4991, 0.8659, 0.6584, 0.6557, 0.6217, 0.4885 
epoch 20	Dice coeff 0.7571, 0.5016, 0.8662, 0.6451, 0.6435, 0.7626, 0.7729 
epoch 21	Dice coeff 0.6038, 0.5639, 0.8857, 0.6397, 0.6885, 0.7690, 0.7784 
epoch 22	Dice coeff 0.7221, 0.5363, 0.8827, 0.6461, 0.6798, 0.7748, 0.7887 
epoch 23	Dice coeff 0.0316, 0.1037, 0.5327, 0.0649, 0.1054, 0.2348, 0.6304 
epoch 24	Dice coeff 0.6683, 0.5385, 0.8866, 0.6742, 0.6981, 0.7412, 0.7404 
epoch 25	Dice coeff 0.7638, 0.5448, 0.8950, 0.6761, 0.6879, 0.7982, 0.8052 
epoch 26	Dice coeff 0.7041, 0.5094, 0.8872, 0.6386, 0.6956, 0.6740, 0.6628 
epoch 27	Dice coeff 0.6954, 0.5369, 0.8706, 0.6965, 0.7157, 0.7985, 0.7902 
epoch 28	Dice coeff 0.5579, 0.5271, 0.9019, 0.6512, 0.6842, 0.7968, 0.8213 
epoch 29	Dice coeff 0.6744, 0.5455, 0.8803, 0.6032, 0.6770, 0.7393, 0.6268 
epoch 30	Dice coeff 0.8007, 0.5622, 0.8963, 0.6739, 0.7200, 0.7847, 0.7950 
epoch 31	Dice coeff 0.0718, 0.1426, 0.8547, 0.6261, 0.6734, 0.6086, 0.6932 
epoch 32	Dice coeff 0.7996, 0.5590, 0.9054, 0.7047, 0.7346, 0.8176, 0.8159 
epoch 33	Dice coeff 0.5513, 0.4957, 0.9005, 0.6474, 0.6799, 0.7211, 0.8137 
epoch 34	Dice coeff 0.0850, 0.3905, 0.8929, 0.6028, 0.6435, 0.7836, 0.8043 
epoch 35	Dice coeff 0.4278, 0.3784, 0.7887, 0.4436, 0.4310, 0.7614, 0.7793 
epoch 36	Dice coeff 0.0000, 0.0000, 0.6434, 0.0000, 0.0000, 0.0460, 0.0125 
epoch 37	Dice coeff 0.3674, 0.4952, 0.8477, 0.6439, 0.6886, 0.7031, 0.7203 
epoch 38	Dice coeff 0.0000, 0.0001, 0.7948, 0.0775, 0.0056, 0.4278, 0.6022 
epoch 39	Dice coeff 0.6287, 0.5588, 0.8892, 0.6661, 0.7176, 0.7885, 0.6830 
epoch 40	Dice coeff 0.7032, 0.5786, 0.8748, 0.7081, 0.7328, 0.7996, 0.8208 
epoch 41	Dice coeff 0.8121, 0.5822, 0.8904, 0.7106, 0.7412, 0.8081, 0.8198 
epoch 42	Dice coeff 0.8060, 0.5673, 0.8798, 0.6925, 0.7455, 0.7523, 0.8267 